-0.40825093084320935 -0.17583953311721354 0.037717216200699115
-0.4952415069460906 0.04834386569107093 0.12293623531793291
0.32206619427858196 -0.5448563364397805 -0.1565755155888661
-0.43467737252806016 -0.20454446550876115 0.10628036269162557
0.18307414131085456 -0.42261067964909 0.07846407964582519
-0.12231571180238332 0.6163495326920807 -0.15746487612773558
-0.48761159877426213 0.1541763335972238 0.13323282146606752
0.49540483207737657 -0.4393932043025413 0.1474201821440241
0.5911017557492724 0.2836859635588548 -0.1500096669631947
0.03270254428171384 -0.4647777183257464 -0.08731768033845377
-0.6813493741496892 0.3261317401556899 -0.03817156690051124
0.4949441210297244 -0.12758532011136733 -0.13304528752970904
-0.1471418880841883 0.47042540253879933 0.1188683034456897
0.3150090754303147 0.38409256978022394 -0.12222465958329971
0.1827631493236186 -0.40073626350247815 0.011926724376240618
-0.29783390278500216 0.6667999612062658 -0.09286468132046101
0.11093452917705997 -0.5054609742057227 -0.13708507473112305
-0.2451380917778997 -0.6247755174085677 0.14331164582040778
-0.22813274269844647 -0.4453323512194817 -0.12519157367081976
0.7346115161803156 -0.10067574765090304 -0.07472592457276807
-0.608075211906402 0.02158408547965213 0.15977627946358622
0.10787241446003526 -0.4266787477237831 0.0057578810177387075
-0.46043756116540296 0.10804847239984117 0.0972475879190798
-0.5217287428414228 -0.23651350538486565 -0.15767702101996495
-0.44524700264548717 -0.3867717281264857 -0.15967309227021484
-0.4408598193828619 -0.023505150085538763 -0.021755600247650064
0.5216458029828087 0.07873550670119323 -0.14265914668507243
0.3666748815489184 0.46049758072201397 -0.15959690191419118
-0.020381176701142097 0.44074346662983377 0.01967614945254679
0.5895751244179736 0.11747315595913921 0.15999576217300868
0.042671378765708604 0.4457733448664389 -0.04938135700375823
0.6911704526784844 0.23736443426486906 -0.0921584522987857
-0.559700403696506 0.38960988567044436 0.13741777329694027
-0.34494883409472393 0.47493830917725127 0.1594701040653183
0.36465720648619854 0.6652408540591012 -0.020889155372670273
0.11675297874084252 -0.7501683602531455 0.015985322318126733
0.39394013594839405 -0.37056502116573675 0.14866076952386495
-0.4285959706414807 -0.19394728831334815 0.09387852379262328
-0.1256124971867638 0.6181245895330622 0.1570156165379673
-0.15443260067218598 -0.4125905427354345 0.013201487527311737
-0.536071561023919 -0.3209497021074317 0.15806551282810855
0.4071582399780802 0.166958156829585 0.004383646713059346
0.46277195728111703 -0.06378822265498338 0.08916402418312556
-0.45760300449227426 -0.3479359646168642 0.1580120318311291
0.7308548254472422 -0.018835481199937238 0.0917248389530112
0.47631885045166583 0.27774361478328 -0.15243426966072499
0.3903710385386475 -0.4016901219693966 0.15495258541720064
-0.20212902930842663 0.6811913242006562 -0.1156686989886531
0.1260793983066891 0.42171168235721357 -0.007049620982309191
0.3087964664489772 -0.4679510581981432 -0.15508684786233523
-0.21138208339182665 0.40611488839747795 -0.07340803988011345
0.6037473825514693 0.4575771407925953 0.0278712017455523
0.4523334832690491 -0.60869556328178 0.022822397058831986
0.5010226092891789 -0.2647276877053022 -0.15648800048457853
0.5458054011904332 -0.5176095012899022 0.04930982380856542
0.2593515638769641 -0.6576079042051236 -0.11904544705926688
-0.45612504792686515 0.11678456810598846 0.09443120509327953
0.38645642802674607 -0.4302916106691821 -0.1585297405762892
-0.19382918324255444 -0.7348655186440013 -0.000783677940610213
0.5933834619696615 0.15856969975004193 0.15936814737392266
0.019973842682277795 0.4417231754973015 -0.026289202253033103
-0.3015679955891001 0.6853898323147516 0.058807768958120045
-0.2282021689218704 -0.573955706537823 0.15902262626694347
-0.2788546287304384 0.6256583756095907 0.13556205690458373
0.5228469624195377 -0.11485248131077326 -0.14634068378056903
-0.004358700074507822 0.49283384811151304 -0.11882569834949713
-0.03131196868241001 -0.655079988889052 -0.14994414244436655
-0.6079088858915241 -0.41816476939688124 0.08123302174941209
0.40144180086186343 -0.41877554014680857 0.15875899155567758
-0.5213566332834076 0.12272488893991035 0.1464699794050922
0.6290934449055442 -0.0151640543648636 -0.1572987770863454
-0.5479074004182883 -0.46723442152241873 0.10574296387910963
0.25919201142135667 -0.45858693029204256 -0.14225606688486755
-0.5735447447059318 -0.3681461957401064 0.13766849057225636
0.21785671266182158 0.4019540237160584 -0.07216053736520238
-0.4147646494354252 -0.25546912918450254 -0.11340206318440745
0.4385887314880069 -0.11553047740608949 0.06443850811283793
0.29686756563900135 0.4018582422349518 0.12459497031520692
-0.3792542218215336 0.5578199958988804 -0.14157893540406788
-0.5511181416098689 -0.45662102486937667 -0.11050928173112144
0.5927799165280361 -0.46382777707025163 0.047847834067168825
0.14979612957286498 -0.7250716779373625 0.07676233175637495
0.7203711372173944 -0.21548159215579396 -0.05023650773117689
-0.2802040555228108 -0.3393010538640997 0.003790434045729999
0.006925652763264157 0.5472285401168628 0.1510622267237622
0.4027235064100699 -0.5734752721945984 0.124290243827017
0.1505313030357597 0.4189283592767753 -0.04027673359636546
-0.5232318770873613 0.5349262462734812 -0.060117271598748835
0.35225271173344364 -0.31583547220433866 0.09746374560414006
0.7383188188132613 -0.1043977067135698 0.06619850172768021
0.15014961944933145 0.7266713579383206 -0.07368746819584261
-0.5445044237086497 -0.08716905734541748 -0.15245229030241267
0.5204442276281827 -0.1411393420557721 0.1480153033996896
0.2342503060898521 -0.5760544277793721 0.1584994269143115
0.207572659020235 0.727120232937282 -0.03480682327961177
0.3377571611224843 -0.5961894033289984 0.13541839453648707
-0.09925600725298211 0.7479878224231641 0.041424266699005445
-0.3858824697808106 0.48107634915971176 -0.15912430759957638
0.23449630939308203 -0.4120828710246465 -0.09877831675589793
0.711241711242458 0.18427517531854992 0.08630723309971665
-0.15881851262411933 0.48987755826467944 -0.1355412294126193
0.3104191750340483 0.6075152803091572 0.13725369130256812
-0.6148784658380108 0.3776496466866842 0.10399723300402544
-0.34189814057135753 -0.28385896858894 0.03716515558705471
-0.5516668138056818 0.500373452530634 0.06809037285797215
-0.31364554071916856 -0.3774934808422256 -0.11693238386193099
0.46252753906596217 0.3558684957196321 0.15915596924152398
0.4572632612198476 0.3546446280322559 -0.15857225902128655
0.3895863755050503 0.21065268952729 0.030276098048718177
0.6706307378684284 -0.0696325758841953 0.14173568872559403
-0.7106311996595822 -0.2048517628034745 -0.07823522687763391
0.35501698515685504 -0.49578709290822165 0.15970030397429885
0.454494040596365 0.23846736089122347 0.134444946289864
0.15008351625532415 0.4159345018140909 -0.02634516950852933
0.43829308805581174 -0.053959808037039536 0.02258612328674222
-0.2785118020364615 0.3410582643238324 0.010254184329149653
0.572862740232917 0.44181624814108617 0.1017900847912751
0.32138365523821383 0.680831844956552 0.04721758688426217
-0.19522560102237155 0.39431840868245055 0.00012463823647611085
0.5926029103901488 0.08148479944230552 0.15998963576044883
0.13368281886213848 -0.4420315954036909 0.08063431904532543
0.5232248651370632 0.4707965463536658 -0.1217122646568965
0.2533475969974159 0.3657512542997322 0.03939541300849007
-0.6802306393786937 0.2475791761551859 -0.10125493510644075
0.7204254426824881 -0.20628846543673934 0.057324871096179016
0.6218998296431028 0.19244731975969204 -0.15165566630222793
0.2224803099330943 -0.6231828198222708 0.1476225511510836
0.09886257230063161 0.6456608834215307 -0.15090150072717182
-0.22133272134790444 -0.6110882984419548 0.15200781081751205
-0.30349312109852916 -0.4126660677816286 0.13379147742008776
0.2294166365615513 0.5984738391696564 0.15467381850193465
0.677942293929718 -0.12329831482506369 0.13292000974214288
-0.2254445661321474 0.668322759241805 0.1204452630938972
-0.6691065074425404 0.1590265282238563 0.13379403695545375
0.32120198235753616 0.38302954495770364 0.1248056590914655
-0.456683195901241 -0.3154922910244672 0.1535599735480108
0.13946059712408654 -0.5139808985997949 -0.1450949306092023
0.4036865761787014 -0.24973535759730783 -0.0994857029602878
0.5236304531439766 -0.34150133861461185 -0.15801106887544103
-0.0356635155914898 0.5700537544967763 -0.1573808443532148
-0.3265525550913221 0.3525474349728069 -0.10644806747791964
0.24086940713832788 0.7202777186535329 -0.012822214625447324
0.08927846773239143 -0.753859699272668 0.016683156230814337
-0.5892286285854175 -0.4172104188356611 0.10354185188508738
-0.15288609423847951 -0.7439710414791041 -0.012414415785484694
0.2369649479213156 -0.371039978272843 -0.009001237001062846
-0.4893754785903498 -0.3953225194765877 -0.15733125318790983
0.6067424164626117 -0.38296329389842987 0.10860582281974862
-0.10499463031428118 0.46322337441134787 -0.09984166887908096
-0.3297013066133059 0.47553330874784294 0.1585690471031651
0.4351900691392405 -0.45406745663476566 0.157360663720107
0.49075817131644434 0.0946981630660784 0.12474863616996514
0.33929481020322466 0.40341201526045073 0.142440990435721
0.4486842927048371 0.13362747066195813 0.09065453839226907
-0.40313907477010436 -0.6244400860730508 -0.07123504412450557
-0.36251358890417623 0.5701623443832294 0.14098677327352271
0.014305442293623344 -0.731829505098677 0.09046602301878025
0.49169162549182144 -0.31064459801221084 -0.15893869371254638
-0.28103084231756525 -0.3779018401751869 0.09457545705530215
-0.12044905978606868 0.6960568441087488 0.11949358445583658
0.7569317488356813 0.05767356376011471 0.01670311353578599
0.0046533948732003306 -0.7078116773310777 0.11820889877624653
-0.4412053932720185 -0.061873825870673575 -0.041674885578910914
0.712138679040699 0.10748606998050626 -0.10559753559633553
0.3535644129291876 0.268550052019782 -0.03550790306571139
-0.34405504974791745 0.4931063811899066 -0.15999494529051833
0.6400539987890423 0.10890632017315498 0.15223049310496575
0.5488765509675425 -0.3949864224831916 0.1406762477857635
-0.4202837121555378 -0.1329377602192815 0.016049971595187455
0.4641362085376426 -0.5985961834243667 0.028417645043486803
0.49488829879154195 -0.5757624701097483 -0.015767223317015647
-0.21399549333053514 -0.6399308677606338 -0.14145826448442145
0.3857604589208354 0.222918549845576 0.04172993258814438
0.30561893286124725 -0.3314714974539101 -0.05794628414590289
-0.008792410876622551 -0.7200100574094624 0.10575773448976007
0.44697045583723816 -0.5704774706122488 -0.1002174408399131
-0.07684833370295323 -0.7341271832160765 -0.08073267992023643
-0.03983571900252962 0.5897012155070025 0.15974921360816371
-0.4276615079214231 -0.10895151029974584 -0.020522684825926032
-0.5787178398128271 0.09545307776089668 0.15943257846371592
-0.5852186421233331 0.3542872953165307 -0.13611121719365812
0.5666032220676979 -0.23443484274477858 -0.15945560484661772
0.7431327120152231 0.09890117859292691 -0.056518903786444856
-0.448371523817655 -0.264070481043571 -0.1387689238362639
0.7194112999684029 -0.19270513046723436 -0.06812174091939219
0.5443944033938322 0.4990448604174586 0.08007715346109567
0.5656971564226326 0.001974877674644236 -0.15628036155380692
0.31380515127523295 0.6559594185780974 -0.09711462112886589
0.3457171098692306 0.6369291365522369 -0.10024155357411138
-0.21559538263207972 0.40601909395357383 -0.07693237710925777
0.7516694876255028 0.10240177589374054 0.021024496089680864
-0.31458904423542927 0.3358813134125382 -0.0778170887289939
0.7414752029964922 -0.06952825641690395 -0.06821900766235532
-0.3195303384246974 0.32235065833049925 -0.06519018322927442
0.7361239143662622 -0.07737285008880387 0.07713522909034275
0.664013883207223 -0.22015836237222308 0.12525100318358073
0.4432661987552484 -0.029812373528956333 -0.03670721520270315
0.26173374314195325 -0.38920078152355686 0.09189564384196101
-0.3164709615407109 0.4551624620599631 -0.15335565113142488
-0.3640214929234636 -0.6219418428768216 0.10509887647699914
-0.19888074047647675 0.7328737362475511 -0.014075695266425157
-0.5686063196634638 0.49294434511393914 0.048305368676971064
0.5202146729067989 0.5506459432691708 -0.028070014475938355
0.24524022407722246 0.3851258830470913 -0.07092616186361379
0.6868122498765203 -0.31925837273195484 -0.0287912464662489
0.18762621021289447 -0.49264566708723734 -0.14246094039096008
0.4361557938711244 -0.5044418686059129 0.1453637543543844
0.1750603393579821 -0.40403357301810305 -0.01024864861576323
-0.2326351469195464 -0.4138593693557458 0.09957596498555912
0.4044009759096771 -0.21495421834610798 0.07369024967856747
0.4355647542737758 -0.5786199242673802 0.10082378428386274
-0.5269955197975101 -0.36012349200778926 0.15535099256823368
-0.37413371058551453 -0.33004101589790946 0.12401279823181081
0.5191239383537485 0.5247528249908362 0.0807247942910444
0.45605223672141293 0.06266404828835155 -0.07806618315894802
-0.15886342691664557 0.4110249301827144 -0.014490877618177134
-0.5863540021879136 0.06390440177240911 0.15967620697020216
0.43963157371156597 -0.04863713904394514 -0.027111994980851897
0.20851793174071065 0.6251286720195683 -0.14872921711742274
0.32214184799085316 -0.5466983750302109 0.1562250139267095
-0.3872635338283404 -0.40643739361486486 -0.1552728490641879
0.5151072130982532 -0.32271302399780016 -0.1598074140850793
-0.5978693038825577 -0.3408572050957435 -0.13348861129908285
0.3354934220561415 0.2851673430937909 -0.010015996775095015
0.4201520098675802 -0.48398074393609175 0.15468163240314156
-0.3447198963099013 -0.6139808292092751 -0.1214749884105057
0.21967090931774377 -0.5705989900749648 0.1595916884416766
-0.4301313603480382 0.09553332985501012 0.013989557631702015
-0.005855042649331904 -0.49899875295286344 0.12411964197775295
-0.4690606679904892 0.5949827175204101 -0.02736427175093136
0.5041432952216782 0.4239498726721346 -0.14884076485205847
0.29855947685828593 -0.5863179453154408 0.1491343929387255
0.6742514726143666 -0.04670877482092788 0.14086921547228376
0.5343492049329545 -0.35770564256865683 -0.15410634577775295
0.30923017788514695 0.35994590340137506 -0.09929133448243985
0.4623512624815775 -0.33630647660293184 0.1574820202830225
0.6010676450718013 -0.28112196493181013 -0.14683366932024192
-0.4714300563402014 0.00806843769118811 0.09532847276619677
-0.4623213251556854 -0.5093566921367382 0.13370225854410867
-0.6690431033312488 0.23964243669014934 0.11555466010879124
0.41694025422703385 -0.1754493270092829 -0.0616428656979985
-0.17633539470136672 0.4410589511231962 0.09987778026607952
-0.11921365397492616 0.6524337768310562 0.14697358063143148
-0.4973168552084054 -0.4435110852372301 0.14559291759530965
-0.7391772515376932 -0.12492060272786976 0.05658863468924642
-0.4433696187171274 -0.06372799496579114 0.04973487533774976
-0.48839505299071 -0.09420761112014474 0.12277147904910754
-0.62864628811867 -0.010899690014274977 -0.15739748411289056
0.245571349264553 0.7018212646477463 0.0706752139114693
0.3068200316922291 0.5568312378978891 0.15595104489057382
0.6673843703939981 0.043443432593703445 0.1444541211249365
0.25073867598160265 0.40600332236774683 0.10255370593543156
0.2873259917894239 0.6855227669300356 -0.07116579429334227
0.21016342310144223 -0.6263025802775939 0.14807016897032363
0.2396885917727743 0.39701528287283183 -0.08389396715187292
-0.020069742235569597 -0.4893079587418339 0.11592318697702272
0.20962089550366542 0.6794644394621333 0.1151722966446296
-0.35512900059130237 0.26211013847886416 -0.02098628525982376
0.28839779895843565 -0.34646245286603927 -0.05775534609028734
-0.28223163481100694 -0.42012352661626595 0.12956363145192223
-0.11122900932133452 -0.45370932234675715 -0.08915959041705476
-0.46418429261441313 -0.34755958169040263 -0.1587303408672484
-0.08446988745974966 0.7421271981899898 0.0633625894529977
0.1875818926809408 -0.5976575583825889 0.15780636125838993
0.45794265419465113 0.2938529721166859 0.14992283877201826
0.5989538236400009 -0.4647917638049513 0.024322254782661347
0.006655606701351541 0.44085583812997253 -0.017003619594381982
0.5324799654429041 -0.12197818176183606 -0.1507094902426118
-0.6259605336506219 0.40552444537370413 -0.06580896266342426
0.44210405067488706 -0.06053794378715478 -0.0442114987478134
0.42659752911970883 -0.11572227565303277 -0.02531168527094264
0.5154926766956653 0.051946182735282814 -0.13745160081721808
0.4643550973944625 -0.12988937219724886 -0.10825104861812868
0.6697245493652926 0.1323697266212001 0.13698149030570175
-0.6456711369187388 0.13380937109328822 -0.1485689687824369
-0.18052274032451102 -0.7381450709448826 -0.00568203575854323
-0.010276209631498986 -0.7084446468786767 0.11757376043328742
0.6684759867462929 0.36057158148637203 -0.01237254205237049
0.10605208418769534 -0.7515571777101218 -0.01783571208265314
-0.4059244202994117 0.2109273191549306 -0.07266972754768616
-0.5587729926574758 0.4627039661635748 -0.09927033216183484
-0.27703093835591724 -0.35160238788957093 -0.04881210565992831
-0.3425122332691703 0.5556075719034435 0.15107264154709352
0.3481120383773496 -0.27474189671486204 -0.03313862638929384
-0.5547521935274179 -0.3574445482793386 0.14834951320811035
-0.03731456623811534 -0.5176617322633886 -0.13798473641540013
0.3187568100491195 0.6388205855931965 0.1123374373376213
-0.42884977064169155 0.10588147714938928 -0.023446841489090195
-0.18610319845258463 -0.517207744189875 0.1518782265022784
-0.17561065184644278 0.5192820224738114 0.15137336022268735
0.013774834988555912 0.6213259976757932 0.15855177889198832
0.46427664403957564 0.4804908464775546 0.14476047287925684
0.45007108894861264 0.38795760837842636 0.159894884726807
0.4071090745730972 0.2391246222350514 0.09618948615142726
-0.3132450902790424 -0.5649518069129599 -0.15325023748750052
0.6153877437070648 -0.3443506824551573 0.12056978417398981
0.4152982634511643 0.5785898806994557 0.11405952600272518
0.3553801525600157 -0.26020794250707585 -0.012097177045841265
0.5263706455350593 0.044213976184701236 -0.14299738372166995
-0.07434609639388862 0.6984025864730047 0.12298280393805837
-0.11048008627537699 -0.67298153014249 0.1373960860758594
-0.7337677933173541 0.05277642870376906 0.08482607255068059
0.08767790077858009 0.7405614612460498 -0.0660431695421778
0.42265841497787626 -0.30135478199521093 0.1380349092147498
-0.26929742757273006 -0.40238542380333964 -0.11039425009515297
0.26507427239405046 -0.5114706143021821 0.15820166517126907
0.17146763535376494 0.49612912612753635 0.14129261107988317
0.4546244536285841 -0.028542932765289134 -0.06874161657488696
0.11086448386555542 -0.6610608465587265 0.14373214210897708
-0.4261099342971456 -0.1331671844346795 -0.04491586646220869
0.3793672940786722 0.3166101444226661 -0.11996214161719783
0.11508634068818 -0.44324204410375256 -0.07361215345627764
-0.531747854018238 0.5417283027808766 0.01699284607795936
0.15048848666408016 -0.435558798006026 0.07892963732919732
-0.4372124278165975 -0.056620056510843966 -0.01659947820051569
0.23454217675055608 0.4145223439117761 -0.10145129932738466
0.12189539563758403 -0.6674583407716729 -0.13942062847957148
0.3339680549818628 0.30461042640482194 0.06084365306933554
0.42514660934017007 0.14340860554044924 0.05198948808245618
-0.39815350987491366 -0.6388777521985762 -0.047492926564163
0.22679416993744672 -0.6983291657509375 0.08707064243782511
0.49622289471061504 0.1764788054282914 -0.14220689280796767
0.4270486586887374 -0.10735671909995959 0.010367747329024799
-0.6203885767880353 -0.1704621475795923 -0.1540067338971182
0.354375166671629 -0.38572186027377764 -0.14068786686234908
-0.23782879150613978 0.6684710357079037 0.11664375856763581
-0.6896975348542274 -0.30249127684122495 0.04642736436604859
-0.16368974858109886 0.45210743473100035 -0.10676146222318594
0.3389888206779466 -0.28143307588934846 -0.01370731925170804
0.37111384972765316 0.42279911706288176 -0.15556017169931957
-0.30998406206127843 0.6839737510562373 0.05307778838962024
0.7209931676827692 -0.09628571828139491 -0.09680268038277838
-0.341954301301821 -0.5756776127628054 0.14407850331986105
-0.25091055828050335 0.7172144244986839 0.007214921672063555
0.7510176338811151 0.10703749102276593 0.02106737039213754
0.35368549336314364 0.6402397753709098 0.09123737582507886
-0.00026750737409537376 0.5220394533059171 -0.139721737198765
-0.49350730497190143 -0.5763655990556813 -0.019722563660890063
-0.41417050797887567 -0.3877192233507367 0.15662910179895795
0.43856722588248076 -0.05111488186108342 0.02211619452020833
0.5781113252448128 0.45105515397900803 -0.08856073042045759
0.4553076838450619 -0.42998808087841867 0.15783122456831392
0.749194921839019 -0.11497285150047361 -0.025433883052383796
0.5127821912724491 -0.35561589900021745 0.15818583764349545
-0.11237340292201482 -0.5601772437528466 -0.15741172261913836
-0.32844113171518935 -0.3783664948891633 -0.12572061889998265
0.731717034112651 0.03412411529855204 0.08966877771387367
0.662249562217957 -0.31749870522346413 -0.08677528748449852
0.07425253855475573 0.43474782219910973 0.018241086029555403
-0.19006765882592472 0.6181470886768359 -0.15303052310944998
0.6466142167587746 -0.39684384804562806 0.02051176105255099
-0.38250522289269345 -0.30938705139233863 0.11801976687996973
0.4387726117690126 -0.07465547127142888 0.03999149238318755
-0.1794348740352114 -0.7270731717814644 0.058588014036968054
-0.011556534547684998 -0.5816993764992707 -0.15896312548886257
-0.17790740262405613 -0.4715268134354037 -0.1279795929207336
-0.45608063535422155 0.5383583579253971 0.1202224709462168
-0.3720165345604177 0.6602173817530477 -0.02635307017730608
0.5321646495708265 -0.3520909924329088 -0.1553983540938121
-0.5206422737009089 -0.21287010177975987 -0.1555382160964036
0.472494467017614 0.01521452204072992 0.0969779854134091
0.22662460323690625 0.42973795081128374 -0.11209740733727397
0.12627132914146716 0.7437517787993444 -0.0419799814810423
-0.20477053157472364 -0.45535817921504484 0.12432131333617513
0.5449456117536879 0.46744983178674626 0.10809274383935245
-0.32763137226802835 -0.3852065928857577 0.12925316596352546
-0.13390216057986473 -0.4231526110733298 -0.03481285113860693
0.4590532382432028 0.44765343804018404 0.15460742909318087
-0.37989877242237374 0.27302880845957217 -0.09017710353705237
0.02351342394674862 -0.5330844985102754 0.14557270952890217
0.311388619101552 -0.5597501761792144 0.15478061071182114
-0.04091756578400008 -0.7532919960618424 0.04195091108185471
-0.6276824686144304 -0.34772657801280676 -0.10852902173819878
0.22520398887311593 -0.41548880672236893 0.09679069190919566
0.26440846414776936 0.43656502137515596 0.13255397899308383
-0.4306276752983763 0.5823697521466157 0.10075820437189942
0.03287820951235687 0.4665502516577701 -0.08999244555250765
-0.42153131229950686 0.21657059041654875 -0.0984962911510039
0.3748932174641627 -0.2680924057780778 -0.0790447149589868
0.5273981660443654 -0.5025224009175446 -0.09536175012724167
0.55708780462322 0.3255898746714298 -0.1534662002346107
0.3162915697898061 0.30599109484809317 -0.005076967734829358
0.498065975489568 -0.1400043031958011 -0.13701151762342254
-0.2694305077477858 0.5910075771235374 0.15214227603253502
-0.3417099698553332 0.40564380475246714 0.14406360720394112
-0.40516397050631914 -0.4776033494633378 -0.15782218882270202
-0.6662357388116723 0.32935527514312535 0.07137231410594909
-0.40247102871192614 0.17795094253919141 0.0042407141406897685
0.6375653783933809 -0.4135282967662797 -0.004695311015914383
-0.10666471227440226 0.43144371586738495 -0.03740361993040489
-0.012402978995489256 -0.45074347634516715 0.05808090082906257
0.16614092093594293 -0.4167351155370885 0.05184425387803608
-0.294672470394561 0.6243749982026489 -0.13200271871221636
0.020391864914550858 -0.4989464705067018 0.12438727747912755
0.4065049105123239 -0.17326827061947234 -0.024529897279924457
0.7337701260872751 0.12684974625422782 0.06837575816349904
-0.12171898831850238 0.6530276140290731 -0.14652232591868908
-0.4287839522945625 -0.22167095566080203 0.10880877351052134
-0.5226412682938277 -0.14354455504043065 -0.1491155857801097
-0.339745738806041 -0.6141217349121002 -0.12340821895245213
-0.3907055720200446 0.6343190791983788 0.06765811117559913
0.03781337583865769 0.6026614731673356 -0.159953755053468
-0.6466900572779481 -0.2320958883613554 0.13422882371339162
0.08570833251533674 0.46057439584792853 0.09111981904293724
-0.10037382925951649 -0.49488711155633264 0.12871700700926247
0.5193992682408991 0.06114321197746268 0.14024551661746548
0.48461575686182495 -0.08169618170943498 0.11754867768651049
-0.4494630241451618 -0.12601089003262433 -0.08863356764884806
0.10958459998459187 -0.6293390652207141 -0.15522207183887643
-0.2701043627935108 0.4551929704134736 0.14353157117778603
0.39217378379116014 -0.489966095674129 0.15760357451753995
-0.24652385532048182 -0.6530714576287487 -0.12643512593979422
-0.7480845326157776 -0.11350401082515812 0.03258735396861742
0.24428063979946002 0.420645473424238 -0.11270406116766349
0.4593360915245202 -0.11546806183110092 0.09813185199194605
-0.4783767306496441 0.15217601092102803 0.12647362290896877
-0.5153483964481438 -0.5582255522253358 -0.00917666369654003
-0.21247277627695463 -0.545545151976757 0.1593380300438915
-0.6422065463752562 -0.40409910892427625 0.019835898057705376
-0.5304597932263331 0.49915548029552304 0.09548536208191104
0.560342878754747 -0.1069736149206311 -0.15724992133107443
-0.32054165960818065 -0.6889763265708208 -0.005887039544447347
-0.6311379022197194 0.34361159838321215 -0.10738279859712217
-0.24510339632531053 -0.5923901603251899 0.15463268248118286
0.5208914357414131 0.34546415395453384 -0.1580286802538793
-0.42481401643596617 -0.36643385432663034 -0.15517851156222237
0.5446660695328289 0.5295276824416565 -0.010650761552243895
-0.10326719804153697 -0.7513101797059514 0.022752605192528672
-0.0005309484663613926 -0.4976493526142095 -0.1229813114207571
0.02642532221529783 0.7408407410234679 -0.07503967612570348
0.2793334761887336 0.3486738615665159 0.04603926085232445
-0.6348458440421217 -0.4178117924512875 0.000924561270485496
0.45712132026289837 0.5881494635416794 0.06784742873970938
-0.3481249685214194 -0.3252692246853492 -0.10164588565197623
-0.4601500526454515 0.029449121640101033 0.07940033795891932
-0.3234219264256765 -0.4459857332114361 -0.15228412924430473
0.4763720864113129 0.48188325050270336 -0.1399222347386094
-0.35417740382013596 0.6717765521856203 -0.013559909815519817
0.623061934024126 -0.39790912541688345 -0.07874344475028268
-0.4871574527576505 0.0783087887327606 0.11932659342563934
0.23309860551922557 0.3759607683760041 -0.027373454039457814
-0.19156698560548704 0.5081914562891674 -0.14954019582073894
-0.4066233917364545 0.4641879556588527 0.15908353943048995
-0.3081940247937832 0.31409352014740766 0.003731400706785883
-0.485358863703652 0.22579712761942308 0.1463396643140977
0.36867816488429 0.32434778285128535 -0.11716988383049624
-0.6756380491577084 -0.3364471829127165 -0.04055949505975377
0.7500333763565112 0.12250472956947031 0.0029920121378712934
0.19300011856825441 0.6832340848009795 -0.11621758871183879
-0.5507262138909931 -0.5193843405922136 0.03080310746393322
-0.40445897828272226 0.6271838831527043 0.06480465093935414
-0.3100516011858877 0.33104602744797984 -0.06447883310770211
0.6269833473547309 -0.3859270272102051 -0.08389844524542321
0.36928211699778296 -0.2494295376386409 0.04206313140229776
0.5818225744122516 -0.1329647835430108 0.15996844605944002
0.3702671026708681 -0.5534431147789832 -0.14580721197861532
-0.2403526220234905 0.3688439871984025 0.008842984396407662
-0.3130393193789084 -0.5060459109058939 -0.15992319212994063
0.2045373334022378 0.649280510231526 0.13813686394829439
-0.029712041487744804 -0.4500331941232966 0.058334029376766676
0.3496862333635361 -0.6747724418536191 -0.0005964643707630943
0.41979034422224176 0.13300558356592843 -0.01068456882380114
0.07264266093904471 -0.6698165180507717 -0.14199227594598354
-0.5790968504324596 -0.444181548197596 -0.09351162237427231
-0.6171993252296185 -0.018610966915686422 -0.1590423043123024
-0.5249115719663145 0.4715446653150474 0.12019305136256511
0.12376677059833728 -0.539195256120303 0.15300787282197323
-0.3047314552943594 -0.5486106489901059 0.15760805580696569
0.10131605897950485 0.547179012107411 -0.15396751569836778
0.4325400190980954 0.5851075814581852 0.09649469564408863
-0.736086862396892 -0.18577760208265579 0.016288338678717297
0.3660990119325495 0.3796915240490534 -0.14260157645702645
0.261612999469626 -0.6980620922449104 0.06661235442379183
0.6961310570703171 0.10524125565103408 -0.12155412446619046
-0.5711423739209341 -0.08170022888024807 0.15833188736135276
0.5694313449736417 -0.5020906001222504 0.016224878229874066
0.28276936430005556 -0.4071707805617649 -0.12135656055437105
0.19400605410228666 -0.5863620915180876 0.1590264456990136
-0.5102110653948663 -0.5006187531154285 -0.11145265541692714
-0.029832997017635792 -0.4748274078149804 0.10082328934442171
-0.6666419065266196 0.0846841562323052 -0.14288500451394925
0.326766189243875 -0.4037630972159548 0.13822962419738652
0.40763487725376385 -0.18683981845829933 -0.051203034080563994
-0.19890650369277374 -0.7308997165084414 0.028276905822054867
-0.5127273008856342 0.14021921379750601 0.14462116486483725
0.6167856013190217 -0.43610829148671193 0.03812832787434381
-0.4076866183220672 -0.19414862178564768 -0.059700340480220764
-0.6412973551604675 0.050459204005825146 -0.1540353552712917
0.44885222453483614 0.2233505388370439 -0.12597048541350916
0.3115180156852831 0.6638381850211282 0.08849795487881965
0.11317009284909688 0.4274516508757776 -0.02631678662206821
0.6972274673803205 0.24450630984650007 0.07949068617187843
-0.32263916172114626 -0.5387435303433351 -0.15753708450110038
-0.3682570350688108 0.6629874554760594 0.02259366842963614
0.03316272425294943 -0.4944458959748641 -0.12120895714712726
0.49422923090086984 0.23999472426326995 0.1517940991498717
-0.6438505918547327 0.40243038274708065 0.015246841608727784
0.29301386910241417 0.44714593779163997 -0.1460231953933683
-0.2004997770141378 -0.6704007999961089 0.12510692805516702
0.5030295969191257 -0.1585996755120313 -0.14260084929313185
